time	insolation_65N
2000	484.6055861
1999	480.8833815
1998	477.2877937
1997	474.3632826
1996	472.5306224
1995	472.2990898
1994	473.6379443
1993	476.6769297
1992	481.1688842
1991	486.682328
1990	492.7449284
1989	498.7934359
1988	504.1350193
1987	508.3264205
1986	510.9182418
1985	511.7313196
1984	510.6848294
1983	508.1459273
1982	504.3149198
1981	499.8955472
1980	495.4152072
1979	491.4596283
1978	488.5384638
1977	487.155378
1976	487.3279723
1975	489.2431708
1974	492.634094
1973	497.0643206
1972	502.0285278
1971	506.8661538
1970	510.7319974
1969	513.0988787
1968	513.3338676
1967	511.0581825
1966	506.286613
1965	499.2435572
1964	490.2598692
1963	480.3346973
1962	470.0947847
1961	460.5705712
1960	452.6462194
1959	447.036945
1958	444.241531
1957	444.7087775
1956	448.3921151
1955	455.0757109
1954	464.3866942
1953	475.5229747
1952	487.6265077
1951	499.7424084
1950	510.8527189
1949	519.871382
1948	526.3352567
1947	529.4499362
1946	529.2211435
1945	525.7766055
1944	519.569594
1943	511.2196179
1942	501.7914902
1941	492.0144102
1940	482.8531812
1939	475.2094616
1938	469.5570603
1937	466.384392
1936	466.0077039
1935	468.2460241
1934	472.9198571
1933	479.6769261
1932	487.7097519
1931	496.3628843
1930	504.8990194
1929	512.2370415
1928	517.8826396
1927	521.1667586
1926	521.6996767
1925	519.4091942
1924	514.6502179
1923	507.5471127
1922	499.0288469
1921	489.7346568
1920	480.3756402
1919	471.8458121
1918	464.7517821
1917	459.4725217
1916	456.4994256
1915	455.8844135
1914	457.4725502
1913	461.205088
1912	466.5857735
1911	473.1213697
1910	480.3432496
1909	487.6786865
1908	494.4807193
1907	500.5004
1906	505.3178169
1905	508.6794065
1904	510.7326006
1903	511.4349281
1902	510.9486878
1901	509.6746808
1900	507.7614012
1899	505.4381034
1898	503.0451111
1897	500.6064946
1896	498.1354903
1895	495.8213601
1894	493.4234612
1893	490.9099202
1892	488.337605
1891	485.5400174
1890	482.5758203
1889	479.7009413
1888	476.9113319
1887	474.5332466
1886	472.9417852
1885	472.2566529
1884	472.8030206
1883	474.7693177
1882	478.1075803
1881	482.7127002
1880	488.4171591
1879	494.6194627
1878	500.81601
1877	506.4853136
1876	510.70492
1875	513.0893573
1874	513.1746032
1873	510.6266069
1872	505.5919891
1871	498.5107747
1870	489.7328926
1869	480.3358123
1868	471.0958931
1867	462.9381375
1866	456.8040882
1865	453.4332726
1864	453.2105875
1863	456.5438082
1862	463.391629
1861	473.2933744
1860	485.8480201
1859	499.9778188
1858	514.5410831
1857	528.3451574
1856	539.9589083
1855	548.1752398
1854	552.0845439
1853	551.1182965
1852	545.1147385
1851	534.66571
1850	520.5075479
1849	503.9420608
1848	486.3770868
1847	469.3686656
1846	454.1296775
1845	442.0476612
1844	433.829485
1843	430.0557246
1842	430.9934465
1841	436.4136543
1840	445.8534898
1839	458.5184714
1838	473.3131145
1837	488.8476927
1836	503.8730087
1835	516.8959154
1834	526.7446317
1833	532.6225978
1832	534.0499059
1831	531.0007045
1830	524.1609023
1829	514.178506
1828	502.3073034
1827	489.79326
1826	477.7488999
1825	467.3375835
1824	459.4353092
1823	454.551668
1822	453.1208584
1821	455.141958
1820	460.4089129
1819	468.4474098
1818	478.6802422
1817	490.1252774
1816	502.0365721
1815	513.3392485
1814	523.204016
1813	530.8303192
1812	535.7268466
1811	537.4936374
1810	536.2071416
1809	532.0010397
1808	525.3711172
1807	516.876576
1806	507.2733809
1805	497.2083828
1804	487.4008021
1803	478.4234765
1802	470.7273855
1801	464.6113463
1800	460.3252957
1799	457.7809647
1798	457.0399994
1797	457.8021445
1796	459.9220004
1795	463.0316897
1794	466.9249268
1793	471.2595426
1792	475.8157898
1791	480.4286661
1790	484.9153664
1789	489.2054504
1788	493.2084566
1787	496.9091991
1786	500.155461
1785	503.0242124
1784	505.2258499
1783	506.8131913
1782	507.5073155
1781	507.3307155
1780	506.0323155
1779	503.7851225
1778	500.4779867
1777	496.3840006
1776	491.742172
1775	486.8995055
1774	482.2900835
1773	478.3839828
1772	475.5978055
1771	474.3434475
1770	474.9253112
1769	477.4902919
1768	482.0004615
1767	488.3208723
1766	495.9549533
1765	504.4034878
1764	512.8352438
1763	520.4822922
1762	526.3196552
1761	529.7719918
1760	529.9681817
1759	526.792123
1758	520.0782474
1757	510.3015261
1756	498.0720982
1755	484.4860889
1754	470.5762903
1753	457.5701737
1752	446.6520257
1751	438.668174
1750	434.4406102
1749	434.4062814
1748	438.6254981
1747	446.9026046
1746	458.7981603
1745	473.2005405
1744	489.1929756
1743	505.2590057
1742	519.9322421
1741	531.9126621
1740	540.0488241
1739	543.4824749
1738	542.076701
1737	536.0276517
1736	525.9910419
1735	513.2308232
1734	499.0247429
1733	484.6913221
1732	471.7618621
1731	461.18052
1730	453.896905
1729	450.4479236
1728	451.0337483
1727	455.4354574
1726	463.3505766
1725	473.889058
1724	486.1244825
1723	498.8688306
1722	510.9329241
1721	520.9881231
1720	528.2137428
1719	531.798458
1718	531.3653212
1717	527.1849034
1716	519.6083898
1715	509.4585749
1714	497.9394156
1713	485.9597263
1712	474.7118761
1711	465.1667395
1710	457.9804176
1709	453.6037995
1708	452.3799584
1707	454.0363615
1706	458.3748037
1705	464.9201701
1704	472.8846478
1703	481.5524437
1702	490.2795521
1701	498.1354433
1700	504.6858547
1699	509.5919658
1698	512.4370474
1697	513.4885513
1696	512.8366677
1695	510.818598
1694	507.8967607
1693	504.6309127
1692	501.2103551
1691	498.2056365
1690	495.8113335
1689	494.014688
1688	492.9824452
1687	492.5545686
1686	492.4228159
1685	492.4830937
1684	492.4453376
1683	491.9046987
1682	490.9230406
1681	489.2599276
1680	486.9308638
1679	484.1901903
1678	481.1871932
1677	478.1966554
1676	475.6432284
1675	473.8641434
1674	472.9455976
1673	473.3685459
1672	474.9566977
1671	477.6855978
1670	481.453607
1669	485.8438834
1668	490.3636976
1667	494.7485179
1666	498.314517
1665	500.7350862
1664	501.8157677
1663	501.2709595
1662	499.1974367
1661	495.9066128
1660	491.6864857
1659	487.0385383
1658	482.6852974
1657	479.0081353
1656	476.5905032
1655	475.9528543
1654	477.1529348
1653	480.3793937
1652	485.5257869
1651	492.1652917
1650	499.7931534
1649	507.9024729
1648	515.4673926
1647	521.873036
1646	526.3951117
1645	528.311936
1644	527.3952407
1643	523.6276741
1642	517.0275208
1641	508.2849285
1640	498.1582184
1639	487.3298949
1638	476.9628982
1637	467.8588104
1636	460.6594077
1635	456.1091562
1634	454.4216449
1633	455.6187147
1632	459.543263
1631	465.7191472
1630	473.3027839
1629	481.6261811
1628	489.6259885
1627	496.3772148
1626	501.2022215
1625	503.5244228
1624	503.1080186
1623	500.1883511
1622	495.2160487
1621	488.792265
1620	482.0202446
1619	475.64629
1618	470.6192026
1617	467.6179091
1616	467.2123652
1615	469.4301029
1614	474.4982516
1613	481.8504411
1612	490.9659009
1611	501.1303775
1610	511.2905074
1609	520.4912191
1608	527.8967992
1607	532.6398366
1606	534.233681
1605	532.614492
1604	527.8198096
1603	520.3788593
1602	511.1635231
1601	500.8833499
1600	490.673771
1599	481.4235696
1598	473.9068812
1597	468.6544652
1596	466.1764978
1595	466.2487971
1594	468.9398877
1593	473.5912344
1592	479.5841139
1591	486.0702192
1590	492.2088226
1589	497.0888502
1588	500.0550621
1587	500.7003221
1586	498.784687
1585	494.5874075
1584	488.5598947
1583	481.4090342
1582	473.9533397
1581	467.1886295
1580	461.7536441
1579	458.4945288
1578	457.7623826
1577	459.8233585
1576	464.6199626
1575	471.9154412
1574	481.1281471
1573	491.5819289
1572	502.4248726
1571	512.661061
1570	521.4514798
1569	528.0377455
1568	531.7168402
1567	532.362872
1566	529.7853936
1565	524.4345031
1564	516.7916919
1563	507.6852249
1562	497.890013
1561	488.3991636
1560	479.8914654
1559	473.1822887
1558	468.6169267
1557	466.5930044
1556	467.0298606
1555	469.8187111
1554	474.5488293
1553	480.6369457
1552	487.4228619
1551	494.1291762
1550	499.9973959
1549	504.4263588
1548	506.8689261
1547	507.1244807
1546	505.0859588
1545	501.1065883
1544	495.5377693
1543	489.0760602
1542	482.3814189
1541	476.1516508
1540	471.0092166
1539	467.4991728
1538	465.8815698
1537	466.3439048
1536	468.7968162
1535	472.9465207
1534	478.446651
1533	484.7025136
1532	491.218235
1531	497.2705545
1530	502.5515005
1529	506.4376685
1528	508.9290652
1527	509.8487004
1526	509.3905516
1525	507.7995072
1524	505.5374354
1523	502.9234403
1522	500.465332
1521	498.4605914
1520	497.0909585
1519	496.4917042
1518	496.5742307
1517	497.0912425
1516	497.735723
1515	498.1385975
1514	497.8087585
1513	496.4513209
1512	493.8698974
1511	489.8222125
1510	484.6720317
1509	478.5475111
1508	472.0845513
1507	465.8438394
1506	460.6028351
1505	456.8673766
1504	455.3730572
1503	456.4042
1502	460.1430143
1501	466.5346761
1500	475.2111579
1499	485.5066284
1498	496.6581998
1497	507.6705325
1496	517.3656751
1495	524.977917
1494	529.5485492
1493	530.6277858
1492	528.1382628
1491	522.3138922
1490	513.6758451
1489	503.3357209
1488	492.2326129
1487	481.4816462
1486	472.3471482
1485	465.5313201
1484	461.8161834
1483	461.6957211
1482	465.095411
1481	471.873238
1480	481.5136576
1479	493.0205368
1478	505.3437528
1477	517.2576823
1476	527.2260933
1475	534.1824722
1474	537.1149004
1473	535.4145088
1472	529.0380917
1471	518.5008931
1470	504.5774649
1469	488.6528438
1468	472.2058491
1467	456.5851597
1466	443.2565694
1465	433.3012616
1464	427.4664196
1463	426.2428722
1462	429.7782744
1461	437.6615846
1460	449.3800114
1459	464.072365
1458	480.378621
1457	497.14352
1456	512.8947287
1455	526.2198981
1454	536.1388308
1453	541.9823738
1452	543.1890564
1451	540.2402525
1450	533.4875647
1449	523.8478272
1448	512.5341251
1447	500.678931
1446	489.3139585
1445	479.5871627
1444	472.1983289
1443	467.5334834
1442	466.111385
1441	467.6712311
1440	471.9548606
1439	478.6198556
1438	486.7926373
1437	495.6753688
1436	504.4940897
1435	512.2223119
1434	518.079989
1433	521.6677639
1432	522.3679073
1431	520.2913506
1430	515.5700229
1429	508.6680808
1428	500.1238804
1427	490.8956053
1426	481.5111254
1425	472.7850463
1424	465.4010703
1423	459.6193303
1422	455.8407562
1421	454.1357437
1420	454.3454309
1419	456.2489325
1418	459.6458039
1417	463.9265376
1416	468.8695736
1415	474.046415
1414	479.1319594
1413	483.9075549
1412	488.44102
1411	492.4814643
1410	496.2993198
1409	499.9997828
1408	503.5437802
1407	507.2116427
1406	510.9566861
1405	514.5927297
1404	518.1288312
1403	521.2026014
1402	523.4749873
1401	524.6181439
1400	524.3608343
1399	522.2371101
1398	518.3542279
1397	512.6138847
1396	505.2382026
1395	496.6853301
1394	487.5852406
1393	478.4263075
1392	470.2421484
1391	463.5395419
1390	458.9437196
1389	457.066863
1388	458.0343306
1387	461.8321087
1386	468.329615
1385	476.8322027
1384	486.5530268
1383	496.5981143
1382	505.7958852
1381	513.0028963
1380	517.5099136
1379	518.439839
1378	515.6833502
1377	509.470501
1376	500.2828162
1375	489.119629
1374	477.2086756
1373	465.6847001
1372	455.8245726
1371	448.7105354
1370	445.0107071
1369	445.3714473
1368	449.8931929
1367	458.4942844
1366	470.5224324
1365	485.3452015
1364	501.5297162
1363	517.941838
1362	532.9584953
1361	545.1828572
1360	553.3002558
1359	556.5636578
1358	554.4524307
1357	547.2334596
1356	535.6164768
1355	520.6067169
1354	503.703691
1353	486.4394881
1352	470.2235127
1351	456.3985157
1350	445.9864638
1349	439.5782979
1348	437.5505254
1347	439.9587037
1346	446.2047934
1345	455.8710283
1344	467.7598213
1343	480.8460051
1342	493.7753087
1341	505.3992026
1340	514.4373578
1339	520.2838614
1338	522.3313395
1337	520.6441253
1336	515.6675254
1335	508.0716173
1334	498.8953194
1333	489.2037314
1332	480.1011639
1331	472.4432317
1330	467.0734485
1329	464.3153164
1328	464.5229676
1327	467.4898593
1326	473.0421557
1325	480.5003802
1324	489.2790874
1323	498.5331309
1322	507.4160763
1321	515.2089455
1320	521.2210984
1319	524.9783527
1318	526.2917985
1317	525.1381689
1316	521.766196
1315	516.6027839
1314	510.2018334
1313	503.1137919
1312	496.0338449
1311	489.3883505
1310	483.6590962
1309	479.0442222
1308	475.7346877
1307	473.5836746
1306	472.5463201
1305	472.2460173
1304	472.4255969
1303	472.7176135
1302	472.8781909
1301	472.6826015
1300	472.0677483
1299	471.1270323
1298	470.0046961
1297	469.0373112
1296	468.6094286
1295	469.0025531
1294	470.6380794
1293	473.7041113
1292	478.2808761
1291	484.3498039
1290	491.668727
1289	499.7588434
1288	508.1686876
1287	516.184158
1286	523.1538432
1285	528.4013138
1284	531.4569344
1283	531.8699848
1282	529.6263807
1281	524.883654
1280	517.9055242
1279	509.5020277
1278	500.2576981
1277	491.1186496
1276	482.8672065
1275	476.2442052
1274	471.7589572
1273	469.8388995
1272	470.5661167
1271	473.7788165
1270	479.1380512
1269	485.9566647
1268	493.418505
1267	500.6003
1266	506.6012791
1265	510.3929201
1264	511.5540009
1263	509.5467768
1262	504.4622236
1261	496.776135
1260	487.0792913
1259	476.3961961
1258	465.8152251
1257	456.4241053
1256	449.0807689
1255	444.754818
1254	443.694948
1253	446.2233899
1252	452.2398161
1251	461.2652377
1250	472.5554201
1249	485.3476036
1248	498.2917152
1247	510.4426174
1246	520.7313768
1245	528.1644554
1244	532.3170521
1243	532.9262238
1242	530.1743484
1241	524.5939412
1240	517.063785
1239	508.3931338
1238	499.615785
1237	491.7603143
1236	485.3727621
1235	481.1673349
1234	479.3741008
1233	479.9318457
1232	482.6489108
1231	487.1464992
1230	492.5166369
1229	498.239057
1228	503.3599866
1227	507.0817332
1226	508.8920273
1225	508.3860705
1224	505.3402037
1223	500.1281577
1222	493.1699529
1221	485.0581532
1220	476.8184681
1219	469.1857354
1218	462.8786394
1217	458.7290961
1216	456.9976509
1215	457.8918968
1214	461.3963471
1213	467.0980402
1212	474.3880403
1211	482.6936974
1210	491.0557208
1209	498.6304036
1208	504.8457654
1207	508.9836285
1206	510.7799627
1205	510.2899308
1204	507.677914
1203	503.3246097
1202	498.1492262
1201	492.5617776
1200	487.499148
1199	483.5591482
1198	481.2625202
1197	480.8456857
1196	482.6653495
1195	486.3572639
1194	491.7138079
1193	498.2833823
1192	505.1848141
1191	511.7350149
1190	517.1757561
1189	520.5455925
1188	521.3753056
1187	519.3578179
1186	514.2746984
1185	506.5110837
1184	496.7242327
1183	485.4815583
1182	474.0460332
1181	463.2916579
1180	454.2069705
1179	447.5946295
1178	444.2071092
1177	444.1007775
1176	447.6773637
1175	454.505421
1174	464.1130204
1173	475.8104135
1172	488.6108792
1171	501.3929074
1170	513.1260092
1169	522.8089704
1168	529.4468916
1167	532.7530709
1166	532.3906153
1165	528.6035383
1164	521.9049586
1163	513.1879006
1162	503.1447067
1161	493.1287854
1160	483.852736
1159	476.1803889
1158	470.860816
1157	468.1567834
1156	468.1952184
1155	470.9822797
1154	476.0152001
1153	482.686376
1152	490.3841312
1151	498.1435743
1150	505.0578512
1149	510.5646591
1148	513.779639
1147	514.5000837
1146	512.6542117
1145	508.4128066
1144	502.1979778
1143	494.863698
1142	486.8855507
1141	479.263248
1140	472.5760308
1139	467.3642464
1138	463.936581
1137	462.524061
1136	462.9196525
1135	464.9301374
1134	468.21821
1133	472.1638904
1132	476.3609685
1131	480.4057503
1130	483.8240835
1129	486.5565873
1128	488.5496429
1127	489.8561851
1126	490.8417104
1125	491.8207478
1124	493.0852274
1123	495.0276739
1122	497.8266504
1121	501.5236021
1120	506.0861885
1119	511.2514971
1118	516.5402214
1117	521.4853796
1116	525.538263
1115	527.9380749
1114	528.4300245
1113	526.4516283
1112	522.0084717
1111	515.1951488
1110	506.4361753
1109	496.281083
1108	485.6160543
1107	475.2366321
1106	466.0376728
1105	458.8513674
1104	454.2694775
1103	452.6942957
1102	454.309677
1101	459.0004924
1100	466.2461061
1099	475.4668381
1098	485.6280707
1097	495.6277641
1096	504.4189815
1095	510.8532813
1094	514.2022149
1093	513.91522
1092	510.0569845
1091	502.845198
1090	493.2423869
1089	482.1186869
1088	470.7467769
1087	460.3100711
1086	451.9150571
1085	446.4349916
1084	444.5994779
1083	446.6795373
1082	452.8022918
1081	462.7125578
1080	475.7789495
1079	491.2464728
1078	507.8477221
1077	524.3976747
1076	539.4100864
1075	551.5913035
1074	559.7830892
1073	563.1492978
1072	561.314734
1071	554.3996258
1070	543.0023465
1069	528.0831183
1068	511.0118461
1067	493.1072655
1066	475.9137913
1065	460.6701828
1064	448.462055
1063	440.0603189
1062	435.9595889
1061	436.232723
1060	440.7704225
1059	449.0575352
1058	460.257295
1057	473.4471968
1056	487.3259497
1055	500.6658701
1054	512.2241672
1053	520.9347315
1052	526.0018536
1051	527.0905579
1050	524.2344092
1049	517.853206
1048	508.8123348
1047	498.0694166
1046	486.7573175
1045	476.0207923
1044	466.7859844
1043	459.8281447
1042	455.6833582
1041	454.6045181
1040	456.5380874
1039	461.3208811
1038	468.3898502
1037	477.1648211
1036	486.8471326
1035	496.7365337
1034	505.8885073
1033	513.8551651
1032	519.941966
1031	523.9024191
1030	525.6711241
1029	525.3093085
1028	523.0495879
1027	519.3644063
1026	514.5994028
1025	509.1726148
1024	503.5758091
1023	497.9794096
1022	492.5977514
1021	487.6524709
1020	483.0117824
1019	478.7641107
1018	474.8861286
1017	471.3177132
1016	468.0649744
1015	465.402315
1014	463.2342469
1013	462.0094568
1012	461.8569995
1011	463.0517095
1010	465.7559552
1009	470.1928155
1008	476.1704779
1007	483.6001468
1006	492.2086161
1005	501.2490285
1004	510.2845208
1003	518.4762376
1002	524.9896838
1001	529.1934681
1000	530.653541
999	528.7948401
998	523.9832846
997	516.2738885
996	506.3681678
995	495.1552176
994	483.6151771
993	472.6900826
992	463.5080624
991	456.8486109
990	453.2928825
989	453.3788112
988	457.1090737
987	464.2198261
986	474.3540876
985	486.5178809
984	499.6908767
983	512.5904102
982	523.8982673
981	532.1858343
980	536.6674771
979	536.4787566
978	531.5355673
977	522.1887226
976	509.3155708
975	493.9298794
974	477.7694165
973	462.0570611
972	448.2311389
971	437.6120202
970	430.9074392
969	428.7291962
968	431.4139529
967	438.6334994
966	449.9938303
965	464.7883954
964	481.7594516
963	499.650644
962	517.1156813
961	532.5164456
960	544.6537982
959	552.6441851
958	555.6340105
957	553.713023
956	547.244023
955	536.8105318
954	523.6960272
953	509.1737071
952	494.3299258
951	480.6453408
950	468.9930621
949	460.189116
948	454.7411834
947	452.9679937
946	454.5751099
945	459.4912659
944	466.9951657
943	476.3035075
942	486.5591142
941	496.7709021
940	505.8126329
939	512.9943892
938	517.5448904
937	519.0018556
936	517.4113927
935	512.9439983
934	506.0195936
933	497.5212666
932	488.1920893
931	478.8498089
930	470.3911667
929	463.4980626
928	458.4523548
927	455.874062
926	455.5425931
925	457.453108
924	461.3709072
923	466.8115861
922	473.2130623
921	480.2422124
920	487.192709
919	493.6849383
918	499.5071824
917	504.2752879
916	508.0076348
915	510.7825483
914	512.6739822
913	513.7883376
912	514.5472688
911	514.7983592
910	514.8533174
909	514.687755
908	514.1811249
907	513.2558902
906	511.8274851
905	509.5697937
904	506.4600724
903	502.4957656
902	497.5285749
901	491.8709832
900	485.8127735
899	479.6099664
898	473.863664
897	469.0259585
896	465.471319
895	463.6842133
894	463.9305113
893	466.1370449
892	470.4074021
891	476.2669229
890	483.2635755
889	490.7187552
888	497.9249039
887	503.9433725
886	508.2153885
885	510.1150559
884	509.3076368
883	505.8932968
882	500.1186572
881	492.5359475
880	484.0188302
879	475.4399758
878	467.6895617
877	461.6923285
876	458.0915133
875	457.3419183
874	459.7489452
873	465.2192384
872	473.4040179
871	483.7634434
870	495.4786307
869	507.4451599
868	518.7549309
867	528.1820091
866	534.8446776
865	538.1278418
864	537.5937431
863	533.3411417
862	525.7998561
861	515.6950267
860	503.9545155
859	491.7804279
858	480.1339831
857	470.0571467
856	462.3392721
855	457.4549229
854	455.7334923
853	457.1620487
852	461.4168603
851	468.0047764
850	476.2348187
849	485.1486283
848	493.9516608
847	501.631027
846	507.5247074
845	511.0156011
844	511.8804351
843	510.1580406
842	506.1138542
841	500.4092918
840	493.6624249
839	486.7248221
838	480.3348263
837	475.1877426
836	471.7177482
835	470.3650265
834	471.0827172
833	473.8968567
832	478.407781
831	484.2255718
830	490.6917735
829	497.2500062
828	503.2047758
827	507.9935422
826	511.2173959
825	512.5389109
824	511.9399118
823	509.540972
822	505.631123
821	500.6846539
820	495.1954093
819	489.7877085
818	484.8809169
817	481.010716
816	478.4134866
815	477.2865741
814	477.5916314
813	479.2416286
812	481.8047091
811	485.0440436
810	488.3342005
809	491.2810574
808	493.4445855
807	494.4921829
806	494.2185666
805	492.6775228
804	490.0202494
803	486.5414387
802	482.7730938
801	479.1637166
800	476.2000239
799	474.4449795
798	474.1355125
797	475.5021494
796	478.6507533
795	483.3204683
794	489.2677242
793	496.0449287
792	503.0094285
791	509.5542604
790	515.1129262
789	519.0210238
788	520.9714716
787	520.7074239
786	518.247513
785	513.7333171
784	507.7783128
783	500.7015984
782	493.3739128
781	486.3386352
780	480.2404804
779	475.5326663
778	472.6738961
777	471.6369769
776	472.5155889
775	475.0542284
774	478.7792039
773	483.2438199
772	487.8849902
771	491.96186
770	495.0914238
769	496.8427554
768	496.9042074
767	495.3917546
766	492.5216016
765	488.491218
764	484.0869986
763	479.6571161
762	475.855355
761	473.1173653
760	471.8625668
759	472.0766091
758	473.9937059
757	477.2747295
756	481.5813588
755	486.575546
754	491.6663427
753	496.3219116
752	500.2025685
751	502.9539347
750	504.2708453
749	504.4570428
748	503.4158254
747	501.6180229
746	499.4626116
745	497.4112925
744	495.7418494
743	495.0632948
742	495.3149727
741	496.6639921
740	499.0829019
739	502.1262425
738	505.4598922
737	508.6736648
736	511.0239378
735	512.1380599
734	511.5997923
733	509.0755755
732	504.5578029
731	498.3405864
730	490.6331255
729	482.1941811
728	473.6856588
727	465.8337379
726	459.3290797
725	454.9602477
724	452.8977441
723	453.6254463
722	457.0671174
721	462.91625
720	470.791302
719	480.0559381
718	489.7261506
717	499.0614208
716	507.1647107
715	513.1438345
714	516.5706478
713	517.1548593
712	514.7538572
711	509.8645753
710	503.0220628
709	494.8385424
708	486.4107604
707	478.4960191
706	471.8224199
705	467.2558783
704	465.1503972
703	465.7348861
702	469.2226285
701	475.2603039
700	483.4321417
699	493.1967758
698	503.7071041
697	513.9073368
696	523.1333807
695	530.2116165
694	534.5176407
693	535.6197419
692	533.1845664
691	527.3628102
690	518.7268128
689	507.8041448
688	495.5941171
687	483.13844
686	471.3130303
685	461.0770243
684	453.2065846
683	448.1744311
682	446.2601861
681	447.6408875
680	451.9788594
679	458.8908285
678	467.9093654
677	478.0188529
676	488.5444921
675	498.5466617
674	507.1475289
673	513.690213
672	517.8223512
671	519.1097882
670	517.8209936
669	514.2261637
668	508.7694605
667	502.1780923
666	495.2323177
665	488.4346584
664	482.5576815
663	478.0632106
662	475.0951017
661	474.0119666
660	474.6297427
659	476.7642085
658	480.1689457
657	484.4252207
656	489.016804
655	493.6109324
654	497.7856794
653	501.1424439
652	503.6322761
651	505.0586198
650	505.4272828
649	504.9278511
648	503.6874201
647	501.7967354
646	499.6197507
645	497.1400578
644	494.5021137
643	491.8065926
642	488.9751826
641	486.0151157
640	482.9419306
639	479.734569
638	476.4248485
637	473.2428489
636	470.3005225
635	467.8781411
634	466.3401122
633	465.9121264
632	466.9051173
631	469.5681683
630	473.924396
629	479.9821278
628	487.5497388
627	496.2446482
626	505.5039709
625	514.7532608
624	523.1339246
623	529.9607497
622	534.4901879
621	536.1907844
620	534.6618186
619	530.008318
618	522.2820627
617	512.1942381
616	500.4493705
615	488.0117007
614	475.872814
613	465.0765767
612	456.4238478
611	450.6327431
610	448.1941836
609	449.2302859
608	453.6935516
607	461.2421629
606	471.1290445
605	482.5584631
604	494.4082541
603	505.5324963
602	514.79552
601	521.272639
600	524.1558776
599	523.2820203
598	518.5630217
597	510.6461957
596	500.2099894
595	488.4273196
594	476.368908
593	465.2307725
592	456.0053196
591	449.5381886
590	446.399133
589	446.879446
588	451.0794479
587	458.6338752
586	469.1809394
585	481.8444882
584	495.7794308
583	509.8599111
582	523.091408
581	534.2449833
580	542.6686071
579	547.5023462
578	548.5575867
577	545.8092308
576	539.5564368
575	530.4478089
574	519.3245478
573	507.0642588
572	494.6649509
571	483.0028949
570	472.8480404
569	464.7418574
568	459.1670714
567	456.1823037
566	455.8587146
565	457.9292851
564	462.0313423
563	467.5731582
562	474.0737335
561	480.6821232
560	486.930113
559	492.1276905
558	495.9169211
557	497.9660334
556	498.3207473
555	496.9809366
554	494.3267705
553	490.7842088
552	486.7679404
551	482.8036154
550	479.3984225
549	476.7884325
548	475.3139888
547	475.1196893
546	476.0854816
545	478.2325807
544	481.3361895
543	485.0909813
542	489.2653914
541	493.6540388
540	497.841917
539	501.804498
538	505.3409577
537	508.3062298
536	510.7621071
535	512.7389444
534	514.0544358
533	515.0178816
532	515.4071228
531	515.2538737
530	514.5121907
529	513.096521
528	510.7864766
527	507.6514612
526	503.5175575
525	498.3841132
524	492.4526847
523	485.8528421
522	478.8332709
521	471.9558023
520	465.542246
519	460.0731614
518	456.144114
517	454.0274813
516	453.9853172
515	456.3466164
514	460.8318531
513	467.3755558
512	475.533553
511	484.706987
510	494.0982897
509	503.1250737
508	510.7434346
507	516.4127025
506	519.6169429
505	519.9618289
504	517.5207256
503	512.6446403
502	505.7461116
501	497.6229553
500	489.2089707
499	481.18481
498	474.5038836
497	469.7916871
496	467.4853685
495	467.8102507
494	470.938976
493	476.3797451
492	483.8361914
491	492.6636884
490	501.8441265
489	510.6581493
488	518.1806785
487	523.4685171
486	526.0742576
485	525.6451377
484	521.9822906
483	515.5925967
482	506.9678382
481	496.7600174
480	486.0696525
479	475.7268175
478	466.5146743
477	459.2956522
476	454.5388757
475	452.4129308
474	453.2280032
473	456.615057
472	462.233311
471	469.6309409
470	478.0354887
469	486.6710384
468	494.9572379
467	502.110788
466	507.6094101
465	511.2846046
464	512.9119981
463	512.572884
462	510.7545131
461	507.6777954
460	503.9130675
459	500.0589899
458	496.4565922
457	493.505126
456	491.6076538
455	490.6849421
454	490.8482712
453	491.9887737
452	493.770039
451	495.8664078
450	498.0447975
449	499.7451484
448	500.7019704
447	500.758446
446	499.5476145
445	497.1800744
444	493.8111986
443	489.4744335
442	484.6831092
441	479.7978289
440	475.148754
439	471.2206075
438	468.4013221
437	466.7569102
436	466.6187882
435	467.8879305
434	470.4093648
433	473.9877875
432	478.3425356
431	482.9025175
430	487.4656022
429	491.5617269
428	494.830224
427	497.2102559
426	498.5250688
425	498.843138
424	498.3631369
423	497.3893685
422	496.0932002
421	495.0301984
420	494.3486181
419	494.3551853
418	495.2326918
417	497.0577828
416	499.6003204
415	502.9183314
414	506.5127781
413	510.0408072
412	513.1847151
411	515.389988
410	516.3090579
409	515.7511633
408	513.453192
407	509.4960177
406	504.079564
405	497.5260217
404	490.2224868
403	482.8833311
402	475.8472053
401	469.767046
400	465.0290551
399	461.9379824
398	460.5786321
397	461.0917768
396	463.1049361
395	466.4727782
394	470.7060706
393	475.3555273
392	479.9189054
391	484.0472056
390	487.3151356
389	489.5840233
388	490.8394836
387	491.1280851
386	490.7345094
385	490.0004633
384	489.2214612
383	488.8094996
382	489.0434247
381	490.0637168
380	492.0081228
379	494.7691924
378	498.1902771
377	501.9553685
376	505.7711536
375	509.1547329
374	511.8416356
373	513.4582882
372	513.8530796
371	512.9049821
370	510.7845579
369	507.5525294
368	503.7011473
367	499.4460282
366	495.3242028
365	491.6300185
364	488.7408133
363	486.792282
362	485.9108109
361	486.0012984
360	486.8435249
359	488.1175291
358	489.4510537
357	490.3379616
356	490.4557856
355	489.4306121
354	487.1337922
353	483.5413308
352	478.9202729
351	473.5482083
350	468.0525977
349	462.9229062
348	458.8640179
347	456.3217939
346	455.8633158
345	457.6633595
344	461.9283407
343	468.500831
342	477.1091071
341	487.2580575
340	498.2817452
339	509.4542704
338	519.8494625
337	528.783855
336	535.4364043
335	539.2812833
334	540.0149193
333	537.5744616
332	532.0700376
331	524.1348809
330	514.2277318
329	503.2596835
328	492.0841954
327	481.470421
326	472.2367032
325	465.0278564
324	460.2423186
323	458.1761688
322	458.9106981
321	462.1876171
320	467.6949834
319	474.9121836
318	482.9940142
317	491.271696
316	498.8671179
315	504.9667627
314	509.0032401
313	510.5728563
312	509.4186554
311	505.8135848
310	500.0548421
309	492.7585782
308	484.6882528
307	476.6798522
306	469.4144666
305	463.6968426
304	460.0536158
303	458.7796916
302	460.1788237
301	464.1569514
300	470.4362024
299	478.7324997
298	488.3688912
297	498.6651904
296	508.8897018
295	518.2756547
294	525.993942
293	531.6031935
292	534.5899176
291	534.7333324
290	532.1650838
289	527.1042421
288	519.8936856
287	511.3318588
286	501.9017402
285	492.2617848
284	483.204621
283	475.0579177
282	468.2992002
281	463.2809873
280	459.994781
279	458.4856458
278	458.7246636
277	460.3973481
276	463.2289957
275	467.095072
274	471.444761
273	476.1447361
272	480.9368591
271	485.5084131
270	489.7320985
269	493.5909444
268	496.766852
267	499.363708
266	501.3166389
265	502.44532
264	502.8379449
263	502.4824415
262	501.2975891
261	499.3873191
260	496.9884784
259	493.9934363
258	490.9197502
257	487.9215521
256	485.270731
255	483.3821764
254	482.5894664
253	482.9684045
252	484.9210068
251	488.366921
250	493.2155248
249	499.3264835
248	506.2959743
247	513.4735327
246	520.3766883
245	526.2036441
244	530.1559464
243	531.6857723
242	530.2959042
241	525.5302716
240	517.7068068
239	506.9392761
238	493.9201606
237	479.6234733
236	465.0654985
235	451.2314467
234	439.4533159
233	430.4579924
232	425.0045984
231	423.7038936
230	426.638232
229	433.6514969
228	444.5851944
227	458.4815376
226	474.4939665
225	491.5796288
224	508.277898
223	523.3931214
222	535.8763051
221	544.6064975
220	549.1239064
219	549.3045855
218	545.1714635
217	537.4309945
216	526.9742148
215	514.7113695
214	501.8170304
213	489.5058918
212	478.4779698
211	469.7922228
210	463.9065729
209	461.1485886
208	461.6502707
207	465.3538675
206	471.6708489
205	480.2446092
204	490.1658659
203	500.5357886
202	510.3731711
201	518.7874911
200	524.7384708
199	527.7235379
198	527.314873
197	523.3237461
196	516.1628784
195	506.3662271
194	494.6053454
193	482.0190166
192	469.4999753
191	458.0018273
190	448.4167609
189	441.4611036
188	437.4174374
187	436.8004513
186	439.4470621
185	445.2038757
184	453.7511077
183	464.5015702
182	476.6069062
181	489.5026009
180	502.1109777
179	513.656917
178	523.5151285
177	530.9248494
176	535.5972454
175	537.3914826
174	536.3468467
173	532.6930315
172	527.0428985
171	519.7689427
170	511.6008804
169	503.1507419
168	494.9374894
167	487.4343487
166	481.1307154
165	476.1235184
164	472.6679662
163	470.804411
162	470.4018177
161	471.3828004
160	473.5580378
159	476.6205291
158	480.3444188
157	484.438506
156	488.5612759
155	492.4293428
154	495.8365769
153	498.4025407
152	500.0305881
151	500.5145203
150	499.7423416
149	497.7175391
148	494.5291086
147	490.2691026
146	485.2608436
145	479.8079568
144	474.3096785
143	469.1959441
142	464.9862287
141	462.0251834
140	460.7584037
139	461.4913047
138	464.3564631
137	469.4580538
136	476.7010836
135	485.7247283
134	496.2202736
133	507.4756423
132	518.802156
131	529.3571414
130	538.3053668
129	544.7769352
128	548.16831
127	547.9698032
126	543.9713591
125	536.3723918
124	525.556893
123	512.2717045
122	497.4896577
121	482.2555027
120	467.6775067
119	454.8130835
118	444.5042613
117	437.4633974
116	434.1118097
115	434.5857917
114	438.8234959
113	446.3545875
112	456.6342819
111	468.7048826
110	481.6230243
109	494.2486514
108	505.5807123
107	514.625961
106	520.7961994
105	523.6673017
104	523.2013252
103	519.77509
102	513.8717894
101	506.2838023
100	497.9295814
99	489.6120605
98	482.1259475
97	476.2632985
96	472.3238269
95	470.7920756
94	471.6612002
93	474.8698963
92	480.125173
91	487.0412084
90	494.9530909
89	503.302545
88	511.3396356
87	518.3897451
86	523.8371451
85	527.2502019
84	528.2014914
83	526.6800246
82	522.7022487
81	516.5324198
80	508.6031464
79	499.5027926
78	489.7356045
77	480.0458505
76	470.9431945
75	462.9937703
74	456.5791571
73	452.0986261
72	449.5670254
71	449.2023239
70	450.8269054
69	454.2418908
68	459.2010029
67	465.3504706
66	472.1515422
65	479.3527056
64	486.3822127
63	492.9069645
62	498.6501057
61	503.3881778
60	506.9053839
59	509.3214979
58	510.6213674
57	510.859988
56	510.3954937
55	509.2689758
54	507.7088434
53	506.0062468
52	504.2293538
51	502.4470668
50	500.9855797
49	499.6091072
48	498.5327393
47	497.718065
46	497.1410646
45	496.6986006
44	496.5556559
43	496.4393323
42	496.433713
41	496.4991416
40	496.4791347
39	496.3189745
38	496.0401794
37	495.3476312
36	494.2869593
35	492.7610397
34	490.5977854
33	487.8455547
32	484.573515
31	480.6988092
30	476.5287049
29	472.2364852
28	468.0504838
27	464.2867178
26	461.4141172
25	459.4678341
24	458.9916521
23	460.0425687
22	462.7032698
21	467.0406666
20	472.938375
19	479.9958573
18	488.0303716
17	496.4965151
16	504.8019754
15	512.5329588
14	519.0956636
13	523.9860354
12	526.9641526
11	527.8690715
10	526.4895304
9	523.2868112
8	518.3885047
7	512.2282721
6	505.4720051
5	498.5725191
4	491.9673964
3	486.319406
2	481.7757209
1	478.5703513
0	476.9000623
